-2.1534
-2.3636
-0.94348
-0.90969
1.1466
-0.029255
-0.8514
-0.18535
-1.4951
0.47849
-0.15083
-0.88367
1.5819
0.38777
-0.82708
-0.88606
0.33399
-0.74517
-0.25415
-0.62738
-1.1003
-0.60409
-0.34831
-0.92539
-0.5827
-2.0487
-1.2029
0.24515
-0.22327
-0.15118
-1.752
-0.63876
1.5406
-1.1491
0.81049
0.99176
0.32413
2.1399
-0.056501
-0.17498
0.15682
-0.23103
0.10546
1.0031
-0.53578
0.83085
-0.12998
-0.5796
-0.029768
-0.37075
0.42744
0.21324
0.50488
-0.13687
2.5229
0.26549
0.86827
0.41331
0.29378
-1.0106
1.5419
0.41624
0.55835
1.1558
0.50264
1.3219
2.2592
0.31848
-0.52458
1.6848
